Camera matrix (K) :

[[1.01228658e+03 0.00000000e+00 6.51698659e+02]
 [0.00000000e+00 1.01955224e+03 3.83238934e+02]
 [0.00000000e+00 0.00000000e+00 1.00000000e+00]]

dist :

[[-0.33017258  0.0114475  -0.00412998 -0.00098435  0.01055197]]

r vector :

(array([[ 0.32027943],
       [ 0.71002437],
       [-1.53543192]]), array([[-0.00200355],
       [ 0.24044397],
       [-1.56521765]]), array([[ 0.02379431],
       [ 0.35474841],
       [-1.58754979]]), array([[ 0.12999143],
       [ 0.40697802],
       [-1.50077218]]), array([[-0.2789253 ],
       [ 0.24487576],
       [ 1.47005649]]), array([[-0.30734988],
       [ 0.27499903],
       [ 1.54709406]]), array([[-0.52058019],
       [-0.10566454],
       [ 1.5414777 ]]), array([[-0.20754909],
       [ 0.3024239 ],
       [ 1.55801178]]), array([[-0.3688728 ],
       [ 0.45280278],
       [ 1.48964469]]), array([[-0.35246184],
       [ 0.30878981],
       [ 1.56191706]]), array([[-0.41878204],
       [ 0.26421674],
       [ 1.48153279]]), array([[-0.47053776],
       [ 0.30310443],
       [ 1.58641683]]), array([[-0.22725266],
       [ 0.0262454 ],
       [ 1.5734435 ]]), array([[-0.54838791],
       [ 0.14409126],
       [ 1.50135047]]), array([[-0.14402158],
       [-0.21261078],
       [ 1.55123325]]), array([[-0.11672747],
       [-0.24803762],
       [ 1.58569066]]), array([[-0.51928467],
       [-0.33200365],
       [ 1.58848245]]), array([[-0.46096018],
       [-0.33862287],
       [ 1.60651517]]), array([[-0.39109651],
       [ 0.01538241],
       [ 1.53885251]]), array([[-0.41181622],
       [ 0.02297108],
       [ 1.54320218]]), array([[-0.39475063],
       [ 0.01932024],
       [ 1.5502482 ]]))

t vector :

(array([[-4.26696389],
       [ 1.49572337],
       [17.38356456]]), array([[-6.06332196],
       [ 3.10074692],
       [13.73699341]]), array([[-4.72969421],
       [ 2.80564386],
       [12.50207536]]), array([[-4.49210377],
       [ 1.31434532],
       [17.45417795]]), array([[ 3.34450938],
       [-3.5519191 ],
       [13.42964097]]), array([[ 5.40731296],
       [-1.96235966],
       [16.46245175]]), array([[ 6.03356331],
       [-2.59592692],
       [15.61342496]]), array([[ 2.86367921],
       [-2.81106449],
       [12.00155369]]), array([[ 2.95879054],
       [-2.445155  ],
       [13.42292059]]), array([[ 2.78855834],
       [-2.73036607],
       [12.91005557]]), array([[ 1.70909639],
       [-1.87880716],
       [20.62927038]]), array([[ 3.02637797],
       [-0.28579864],
       [22.73824895]]), array([[ 3.69459715],
       [-3.05556449],
       [13.44050408]]), array([[ 3.77815765],
       [-2.9276049 ],
       [15.66850681]]), array([[ 4.89076074],
       [-2.57629516],
       [13.92943885]]), array([[ 5.44706956],
       [-3.04490177],
       [13.62564771]]), array([[ 5.45572759],
       [-2.12388359],
       [17.42018125]]), array([[ 6.47339548],
       [-2.08665812],
       [15.28242084]]), array([[ 1.93789882],
       [-2.28625179],
       [14.00147459]]), array([[ 1.97362281],
       [-2.19031988],
       [14.07505039]]), array([[ 2.54022148],
       [-2.27532681],
       [13.79979874]]))